{
 "cells": [
  {
   "cell_type": "markdown",
   "metadata": {},
   "source": [
    "Q. 19 (a)"
   ]
  },
  {
   "cell_type": "code",
   "execution_count": 1,
   "metadata": {},
   "outputs": [
    {
     "name": "stdout",
     "output_type": "stream",
     "text": [
      "Original Matrix A:\n",
      "[[2 1]\n",
      " [1 0]]\n",
      "\n",
      "Singular Value Decomposition:\n",
      "U:\n",
      "[[-0.92387953 -0.38268343]\n",
      " [-0.38268343  0.92387953]]\n",
      "\n",
      "Sigma:\n",
      "[[2.41421356 0.        ]\n",
      " [0.         0.41421356]]\n",
      "\n",
      "Vt:\n",
      "[[-0.92387953 -0.38268343]\n",
      " [ 0.38268343 -0.92387953]]\n",
      "\n",
      "Reconstructed Matrix A:\n",
      "[[2.00000000e+00 1.00000000e+00]\n",
      " [1.00000000e+00 4.38470705e-18]]\n"
     ]
    }
   ],
   "source": [
    "import numpy as np\n",
    "\n",
    "# Define the matrix A\n",
    "A = np.array([[2, 1],\n",
    "              [1, 0]])\n",
    "\n",
    "# Compute the SVD\n",
    "U, S, Vt = np.linalg.svd(A)\n",
    "\n",
    "# Construct the Sigma matrix\n",
    "Sigma = np.diag(S)\n",
    "\n",
    "# Reconstruct A from the SVD components\n",
    "reconstructed_A = np.dot(U, np.dot(Sigma, Vt))\n",
    "\n",
    "# Display the results\n",
    "print(\"Original Matrix A:\")\n",
    "print(A)\n",
    "\n",
    "print(\"\\nSingular Value Decomposition:\")\n",
    "print(\"U:\")\n",
    "print(U)\n",
    "print(\"\\nSigma:\")\n",
    "print(Sigma)\n",
    "print(\"\\nVt:\")\n",
    "print(Vt)\n",
    "\n",
    "print(\"\\nReconstructed Matrix A:\")\n",
    "print(reconstructed_A)\n"
   ]
  },
  {
   "cell_type": "markdown",
   "metadata": {},
   "source": [
    "(b)"
   ]
  },
  {
   "cell_type": "code",
   "execution_count": 2,
   "metadata": {},
   "outputs": [
    {
     "name": "stdout",
     "output_type": "stream",
     "text": [
      "Original Matrix A:\n",
      "[[2 1]\n",
      " [1 0]\n",
      " [0 1]]\n",
      "\n",
      "Singular Value Decomposition:\n",
      "U:\n",
      "[[-9.12870929e-01  4.80183453e-17 -4.08248290e-01]\n",
      " [-3.65148372e-01 -4.47213595e-01  8.16496581e-01]\n",
      " [-1.82574186e-01  8.94427191e-01  4.08248290e-01]]\n",
      "\n",
      "Sigma:\n",
      "[[2.44948974 0.        ]\n",
      " [0.         1.        ]\n",
      " [0.         0.        ]]\n",
      "\n",
      "Vt:\n",
      "[[-0.89442719 -0.4472136 ]\n",
      " [-0.4472136   0.89442719]]\n",
      "\n",
      "Reconstructed Matrix A:\n",
      "[[ 2.00000000e+00  1.00000000e+00]\n",
      " [ 1.00000000e+00 -1.25949234e-17]\n",
      " [-1.79128377e-16  1.00000000e+00]]\n"
     ]
    }
   ],
   "source": [
    "import numpy as np\n",
    "\n",
    "# Define the matrix A\n",
    "A = np.array([[2, 1],\n",
    "              [1, 0],\n",
    "              [0, 1]])\n",
    "\n",
    "# Compute the SVD\n",
    "U, S, Vt = np.linalg.svd(A)\n",
    "\n",
    "# Construct the Sigma matrix\n",
    "Sigma = np.zeros_like(A, dtype=float)\n",
    "Sigma[:min(A.shape[0], A.shape[1]), :min(A.shape[0], A.shape[1])] = np.diag(S)\n",
    "\n",
    "# Reconstruct A from the SVD components\n",
    "reconstructed_A = np.dot(U, np.dot(Sigma, Vt))\n",
    "\n",
    "# Display the results\n",
    "print(\"Original Matrix A:\")\n",
    "print(A)\n",
    "\n",
    "print(\"\\nSingular Value Decomposition:\")\n",
    "print(\"U:\")\n",
    "print(U)\n",
    "print(\"\\nSigma:\")\n",
    "print(Sigma)\n",
    "print(\"\\nVt:\")\n",
    "print(Vt)\n",
    "\n",
    "print(\"\\nReconstructed Matrix A:\")\n",
    "print(reconstructed_A)\n"
   ]
  },
  {
   "cell_type": "markdown",
   "metadata": {},
   "source": [
    "(c)"
   ]
  },
  {
   "cell_type": "code",
   "execution_count": 3,
   "metadata": {},
   "outputs": [
    {
     "name": "stdout",
     "output_type": "stream",
     "text": [
      "Original Matrix A:\n",
      "[[ 2  1]\n",
      " [-1  1]\n",
      " [ 1  1]\n",
      " [ 2 -1]]\n",
      "\n",
      "Singular Value Decomposition:\n",
      "U:\n",
      "[[-0.63245553 -0.5        -0.52229321 -0.27786652]\n",
      " [ 0.31622777 -0.5        -0.30196857  0.74753928]\n",
      " [-0.31622777 -0.5         0.79704714  0.12130893]\n",
      " [-0.63245553  0.5        -0.02721464  0.59098169]]\n",
      "\n",
      "Sigma:\n",
      "[[3.16227766 0.        ]\n",
      " [0.         2.        ]\n",
      " [0.         0.        ]\n",
      " [0.         0.        ]]\n",
      "\n",
      "Vt:\n",
      "[[-1. -0.]\n",
      " [-0. -1.]]\n",
      "\n",
      "Reconstructed Matrix A:\n",
      "[[ 2.  1.]\n",
      " [-1.  1.]\n",
      " [ 1.  1.]\n",
      " [ 2. -1.]]\n"
     ]
    }
   ],
   "source": [
    "import numpy as np\n",
    "\n",
    "# Define the matrix A\n",
    "A = np.array([[2, 1],\n",
    "              [-1, 1],\n",
    "              [1, 1],\n",
    "              [2, -1]])\n",
    "\n",
    "# Compute the SVD\n",
    "U, S, Vt = np.linalg.svd(A)\n",
    "\n",
    "# Construct the Sigma matrix\n",
    "Sigma = np.zeros_like(A, dtype=float)\n",
    "Sigma[:min(A.shape[0], A.shape[1]), :min(A.shape[0], A.shape[1])] = np.diag(S)\n",
    "\n",
    "# Reconstruct A from the SVD components\n",
    "reconstructed_A = np.dot(U, np.dot(Sigma, Vt))\n",
    "\n",
    "# Display the results\n",
    "print(\"Original Matrix A:\")\n",
    "print(A)\n",
    "\n",
    "print(\"\\nSingular Value Decomposition:\")\n",
    "print(\"U:\")\n",
    "print(U)\n",
    "print(\"\\nSigma:\")\n",
    "print(Sigma)\n",
    "print(\"\\nVt:\")\n",
    "print(Vt)\n",
    "\n",
    "print(\"\\nReconstructed Matrix A:\")\n",
    "print(reconstructed_A)\n"
   ]
  },
  {
   "cell_type": "markdown",
   "metadata": {},
   "source": [
    "(d)"
   ]
  },
  {
   "cell_type": "code",
   "execution_count": 4,
   "metadata": {},
   "outputs": [
    {
     "name": "stdout",
     "output_type": "stream",
     "text": [
      "Original Matrix A:\n",
      "[[ 1  1  0]\n",
      " [-1  0  1]\n",
      " [ 0  1 -1]\n",
      " [ 1  1 -1]]\n",
      "\n",
      "Singular Value Decomposition:\n",
      "U:\n",
      "[[-4.36435780e-01  7.07106781e-01  4.08248290e-01 -3.77964473e-01]\n",
      " [ 4.36435780e-01  7.07106781e-01 -4.08248290e-01  3.77964473e-01]\n",
      " [-4.36435780e-01  3.33066907e-16 -8.16496581e-01 -3.77964473e-01]\n",
      " [-6.54653671e-01  3.33066907e-16 -5.55111512e-17  7.55928946e-01]]\n",
      "\n",
      "Sigma:\n",
      "[[2.64575131 0.         0.        ]\n",
      " [0.         1.         0.        ]\n",
      " [0.         0.         1.        ]\n",
      " [0.         0.         0.        ]]\n",
      "\n",
      "Vt:\n",
      "[[-0.57735027 -0.57735027  0.57735027]\n",
      " [ 0.          0.70710678  0.70710678]\n",
      " [ 0.81649658 -0.40824829  0.40824829]]\n",
      "\n",
      "Reconstructed Matrix A:\n",
      "[[ 1.00000000e+00  1.00000000e+00  2.52368982e-17]\n",
      " [-1.00000000e+00 -9.82612508e-17  1.00000000e+00]\n",
      " [ 3.04476818e-17  1.00000000e+00 -1.00000000e+00]\n",
      " [ 1.00000000e+00  1.00000000e+00 -1.00000000e+00]]\n"
     ]
    }
   ],
   "source": [
    "import numpy as np\n",
    "\n",
    "# Define the matrix A\n",
    "A = np.array([[1, 1, 0],\n",
    "              [-1, 0, 1],\n",
    "              [0, 1, -1],\n",
    "              [1, 1, -1]])\n",
    "\n",
    "# Compute the SVD\n",
    "U, S, Vt = np.linalg.svd(A)\n",
    "\n",
    "# Construct the Sigma matrix\n",
    "Sigma = np.zeros_like(A, dtype=float)\n",
    "Sigma[:min(A.shape[0], A.shape[1]), :min(A.shape[0], A.shape[1])] = np.diag(S)\n",
    "\n",
    "# Reconstruct A from the SVD components\n",
    "reconstructed_A = np.dot(U, np.dot(Sigma, Vt))\n",
    "\n",
    "# Display the results\n",
    "print(\"Original Matrix A:\")\n",
    "print(A)\n",
    "\n",
    "print(\"\\nSingular Value Decomposition:\")\n",
    "print(\"U:\")\n",
    "print(U)\n",
    "print(\"\\nSigma:\")\n",
    "print(Sigma)\n",
    "print(\"\\nVt:\")\n",
    "print(Vt)\n",
    "\n",
    "print(\"\\nReconstructed Matrix A:\")\n",
    "print(reconstructed_A)\n"
   ]
  },
  {
   "cell_type": "markdown",
   "metadata": {},
   "source": [
    "(e)"
   ]
  },
  {
   "cell_type": "code",
   "execution_count": 7,
   "metadata": {},
   "outputs": [
    {
     "name": "stdout",
     "output_type": "stream",
     "text": [
      "Original Matrix A:\n",
      "[[0 1 1]\n",
      " [0 1 0]\n",
      " [1 1 0]\n",
      " [0 1 0]\n",
      " [1 0 1]]\n",
      "\n",
      "Singular Value Decomposition:\n",
      "U:\n",
      "[[-5.47722558e-01 -4.11856119e-16  7.07106781e-01 -1.32058463e-01\n",
      "  -4.27271064e-01]\n",
      " [-3.65148372e-01  4.08248290e-01  1.60009123e-16 -5.43516408e-01\n",
      "   6.36073827e-01]\n",
      " [-5.47722558e-01  1.63994382e-16 -7.07106781e-01 -1.32058463e-01\n",
      "  -4.27271064e-01]\n",
      " [-3.65148372e-01  4.08248290e-01  2.13371358e-16  8.07633333e-01\n",
      "   2.18468301e-01]\n",
      " [-3.65148372e-01 -8.16496581e-01 -9.35206447e-17  1.32058463e-01\n",
      "   4.27271064e-01]]\n",
      "\n",
      "Sigma:\n",
      "[[2.23606798 0.         0.        ]\n",
      " [0.         1.41421356 0.        ]\n",
      " [0.         0.         1.        ]\n",
      " [0.         0.         0.        ]\n",
      " [0.         0.         0.        ]]\n",
      "\n",
      "Vt:\n",
      "[[-4.08248290e-01 -8.16496581e-01 -4.08248290e-01]\n",
      " [-5.77350269e-01  5.77350269e-01 -5.77350269e-01]\n",
      " [-7.07106781e-01  3.33066907e-16  7.07106781e-01]]\n",
      "\n",
      "Reconstructed Matrix A:\n",
      "[[-8.18273505e-17  1.00000000e+00  1.00000000e+00]\n",
      " [-1.63617332e-16  1.00000000e+00 -6.78319155e-16]\n",
      " [ 1.00000000e+00  1.00000000e+00 -3.87955730e-16]\n",
      " [-1.70790672e-16  1.00000000e+00 -6.65538050e-16]\n",
      " [ 1.00000000e+00 -7.15119933e-16  1.00000000e+00]]\n",
      "0.0\n"
     ]
    }
   ],
   "source": [
    "import numpy as np\n",
    "import time\n",
    "\n",
    "# Define the matrix A\n",
    "A = np.array([[0, 1, 1],\n",
    "              [0, 1, 0],\n",
    "              [1, 1, 0],\n",
    "              [0, 1, 0],\n",
    "              [1, 0, 1]])\n",
    "\n",
    "start_time = time.time()\n",
    "\n",
    "# Compute the SVD\n",
    "U, S, Vt = np.linalg.svd(A)\n",
    "\n",
    "end_time = time.time()\n",
    "\n",
    "elapsed_time = end_time - start_time\n",
    "\n",
    "# Construct the Sigma matrix\n",
    "Sigma = np.zeros_like(A, dtype=float)\n",
    "Sigma[:min(A.shape[0], A.shape[1]), :min(A.shape[0], A.shape[1])] = np.diag(S)\n",
    "\n",
    "# Reconstruct A from the SVD components\n",
    "reconstructed_A = np.dot(U, np.dot(Sigma, Vt))\n",
    "\n",
    "# Display the results\n",
    "print(\"Original Matrix A:\")\n",
    "print(A)\n",
    "\n",
    "print(\"\\nSingular Value Decomposition:\")\n",
    "print(\"U:\")\n",
    "print(U)\n",
    "print(\"\\nSigma:\")\n",
    "print(Sigma)\n",
    "print(\"\\nVt:\")\n",
    "print(Vt)\n",
    "\n",
    "print(\"\\nReconstructed Matrix A:\")\n",
    "print(reconstructed_A)\n",
    "\n",
    "\n",
    "print(elapsed_time)\n"
   ]
  }
 ],
 "metadata": {
  "kernelspec": {
   "display_name": "Python 3",
   "language": "python",
   "name": "python3"
  },
  "language_info": {
   "codemirror_mode": {
    "name": "ipython",
    "version": 3
   },
   "file_extension": ".py",
   "mimetype": "text/x-python",
   "name": "python",
   "nbconvert_exporter": "python",
   "pygments_lexer": "ipython3",
   "version": "3.11.4"
  }
 },
 "nbformat": 4,
 "nbformat_minor": 2
}
